4.661 -3.6329
4.5837 -0.98534
5.2606 -1.8593
3.0317 -1.8844
4.9092 -1.1374
7.2855 1.1498
2.8779 1.0432
4.005 -2.9966
5.4313 1.266
3.9142 -0.047505
0.7493 -4.7364
7.0678 4.5535
2.7048 -1.0703
5.3573 2.3537
4.8849 0.47789
6.2612 -1.4643
2.7387 -1.66
4.2522 -0.13945
1.4653 -3.1297
7.2294 2.8646
3.6 -1.6655
3.6502 -1.4913
3.7782 -1.3597
4.0892 -0.37342
3.8398 -0.5875
2.3918 -1.6237
5.2336 0.60427
2.2631 -2.293
4.7397 -2.1963
3.5845 -0.5837
3.0815 -2.1499
5.7144 -0.76762
3.0535 -3.332
5.4963 3.5266
4.1389 -2.796
5.4616 -0.88733
5.7375 -2.1472
4.6566 0.14112
4.8799 1.4502
3.4748 -1.5326
4.895 2.8864
4.9283 1.8513
4.1824 -1.1304
2.1394 -0.6983
4.3933 0.57853
1.3108 -4.4575
5.2042 0.06595
2.8395 -3.4094
3.8097 -2.7295
3.173 0.31179
5.549 0.63561
2.921 -3.0779
1.2532 -4.3248
5.5117 -1.6366
3.7726 -2.3627
1.9687 -3.4268
2.5032 -4.1918
2.6237 -4.8511
3.6733 0.83277
5.5562 0.059656
2.6648 -3.4998
1.2303 -4.8777
3.5785 -4.3003
3.3992 -1.3909
5.382 -0.28984
4.488 -2.3102
5.288 -0.49602
3.4799 -1.531
5.8468 1.1639
1.0006 -3.7025
2.8168 -0.55993
4.5735 -0.88337
7.2486 -1.177
2.7767 -2.5748
1.8277 -3.7869
2.7473 -1.5669
4.8528 0.74184
3.5297 -1.6397
3.78 -0.52263
6.8048 2.4254
5.6839 3.479
4.6174 -1.34
0.38186 -2.4976
3.2752 -3.2936
2.8401 -3.6525
2.6421 -1.3788
2.2062 -1.6879
3.1044 -0.34459
6.6569 0.56858
1.4425 -4.6591
3.0434 -0.038452
3.3874 -0.37794
4.8857 0.13601
3.9765 -0.43654
4.2816 -0.91807
2.7607 -4.1078
0.14887 -5.7457
1.6038 -4.5929
3.3777 -1.3614
6.7351 2.5875
2.7634 -3.9575
1.2705 -3.1068
1.6925 -4.9482
5.8403 -1.4033
3.5879 -1.9843
4.0334 -2.1806
4.3538 -0.25725
7.4585 5.2147
4.1129 0.080526
3.9879 -5.0162
4.3021 -1.9402
4.1105 1.6394
3.5203 -2.8665
3.0165 0.036717
4.3025 -2.2958
2.8382 -2.7092
6.0597 1.2853
7.1084 0.85035
4.4396 2.0528
4.7147 -0.060289
4.7703 -1.6163
3.8719 -1.1469
1.8435 -3.3416
1.5795 -1.4359
3.4658 0.14083
4.0139 -0.01437
3.2652 -1.0437
4.6928 -0.56728
3.544 -0.73692
6.72 2.1908
1.9348 -4.3695
4.7942 0.40227
5.2074 -2.2566
4.5281 -3.2552
4.439 0.80206
5.7036 3.3964
5.8338 -0.039399
4.6874 0.62658
3.9122 -0.71423
3.725 -2.8258
0.96206 -4.7264
3.6873 -0.83791
4.5512 -1.0455
1.9102 -2.9899
4.7266 0.23786
4.7496 -0.71106
0.7329 -3.4302
3.5841 -3.2683
4.8202 -0.34787
4.5987 1.4539
5.4104 -0.73666
4.5469 1.6653
4.1167 3.9156
5.7691 2.0282
8.1023 2.0689
4.7926 0.40124
2.8923 -0.11981
4.3691 0.1252
3.4357 -3.5792
2.4042 -1.0772
4.3643 -1.5267
6.0014 0.065673
1.4564 -1.2263
0.8121 -3.3271
4.1513 -2.3893
2.2117 -0.87681
4.8421 4.149
1.385 -6.4139
5.3698 0.25705
4.3602 -0.39559
4.9399 -1.4939
6.0946 0.22964
4.6126 0.35851
4.8659 -0.48243
3.3992 -0.74882
5.299 -2.2277
2.1999 -4.6291
5.1301 0.88946
3.1168 -2.9298
4.9814 -1.5057
2.679 -3.5568
2.863 -0.68064
2.0418 -3.3942
3.6895 0.15171
2.8569 -2.2312
3.4096 -1.5225
6.2445 1.3045
7.2925 2.7425
4.6105 0.79705
-0.15012 -5.3666
1.9141 -3.9518
2.4445 -0.49477
4.2535 1.0121
3.4758 -1.9917
5.2618 -2.9409
5.333 -1.7144
5.0826 1.8326
7.1536 1.6004
5.3444 -0.071264
0.99941 -3.7793
5.3841 1.2586
7.0162 2.6224
1.5364 -5.0542
3.5965 0.96877
3.6922 -0.26152
3.6753 -0.72395
6.5392 1.9802
6.0837 0.97976
4.5971 0.47674
3.9574 -4.2656
2.3111 -2.1049
6.6671 3.804
5.6689 -2.5152
4.0349 1.6446
2.8249 -3.138
4.5695 -2.6282
4.3069 0.71281
4.0213 -1.129
2.7758 -2.3463
1.6648 -2.2356
5.8822 2.0498
5.0597 -1.9571
4.9505 -0.25944
2.639 -5.0029
2.3479 -1.1849
2.5141 -2.6257
3.4335 -2.7443
5.6606 0.61927
4.6317 1.8206
2.9907 -3.5897
3.9433 -1.6383
4.5858 0.57107
4.5534 1.1386
4.5761 -0.74322
5.3582 1.4275
4.5955 1.314
4.0355 -4.3105
5.2043 0.68541
2.6977 -1.1507
4.1238 -2.2186
1.9503 -3.9237
4.4445 -4.0442
4.1749 -1.1154
3.5698 -0.080728
2.9526 -2.1009
5.4267 1.8478
5.1211 0.70455
3.0166 -1.4295
4.2822 -4.187
5.9203 0.89975
2.3462 -2.6892
6.5229 4.4786
4.946 1.2642
4.2125 -1.6748
4.5208 -2.8301
4.502 -4.5441
2.7955 -1.0129
3.8175 -1.9792
5.2494 2.8434
4.0194 -1.6147
7.3333 2.7314
4.2267 0.7185
5.2104 1.5235
5.6916 3.7094
6.9455 -1.0711
5.9121 1.7352
4.332 -0.13454
3.352 0.35415
2.8465 -0.25868
3.1643 -2.0793
0.96305 -2.9045
5.9417 0.0072802
2.7577 -1.7115
5.5703 -0.86637
3.8269 -0.32893
4.0077 -1.8412
3.9773 -1.7448
5.2812 1.4069
4.4815 1.1719
0.37128 -4.4329
4.4589 2.2011
5.9383 2.207
3.1908 -3.0017
3.4154 0.81817
4.1174 -0.71739
4.8912 -3.1179
5.2406 1.8432
4.2441 -3.2052
3.8101 -0.45937
2.2034 -4.3972
4.1314 -0.58962
2.8174 -1.5441
4.1976 -0.11179
3.7558 -1.6962
3.9265 -1.3398
3.9891 -2.9308
2.6072 -1.9076
3.4604 -1.0484
4.3601 -1.3153
4.9249 0.43188
6.0133 -0.46538
2.1644 -5.0327
3.9572 -0.28908
2.4124 -4.2538
4.5327 -0.94257
3.3539 -3.2289
3.1164 -0.26026
3.6832 -2.4009
8.0603 2.3845
1.8868 -3.2498
5.7585 0.30453
5.5149 -1.9706
3.8218 -2.5954
5.8271 2.65
2.0248 -0.19305
9.3737 2.3247
0.70911 -5.2874
2.1555 -3.7606
5.7221 1.0347
6.3958 1.8256
1.4927 -0.63841
5.9726 0.32007
2.2083 -2.3049
3.5644 -0.84083
2.9964 -3.1908
4.4088 -1.8848
3.8468 -0.24839
4.9684 -1.871
3.6758 0.54586
3.6793 1.6199
4.0483 -3.2011
3.9531 -0.55645
3.2428 -1.7912
4.4582 -5.2388
0.97799 -4.5831
2.985 0.03762
2.4039 -3.736
1.7813 -2.3036
3.4769 -1.2946
2.2699 -4.8116
5.657 6.2998
4.7173 -3.2451
5.4281 0.11317
2.9345 -1.4108
5.7814 1.0726
5.1755 -2.5037
4.7214 0.14964
4.232 -3.3847
3.8336 0.78585
2.3156 -3.6013
2.2581 -0.48054
2.1929 -1.9924
3.2142 -2.5162
3.3646 -3.5558
2.9227 -3.0905
-0.22103 -5.4103
4.5312 -2.8611
0.47071 -4.4102
1.8737 -2.8177
3.1486 -3.319
4.5241 0.85958
4.7452 0.028302
3.8273 -1.1722
4.3964 -0.85841
3.7509 0.57469
2.0521 -1.2348
2.3219 -1.673
2.8123 -4.2094
4.546 -1.5523
3.7826 0.31183
4.0944 -1.3515
2.9044 -0.46143
3.4173 -1.812
6.2281 -0.61984
4.957 1.0005
3.8783 1.234
2.5509 -0.24853
4.8703 -3.1274
6.9148 1.7319
5.1975 2.2068
4.2649 -0.55682
2.3797 -2.708
4.2651 1.1724
4.708 -1.3851
2.2837 -2.0611
0.97188 -4.1975
4.325 -0.18122
3.2069 2.1697
5.2381 -5.2058
3.6009 0.57339
2.6463 -3.9739
3.7167 -1.4569
5.4358 0.65435
3.4544 -1.8555
4.7376 -2.484
1.5014 -3.7989
6.5093 -0.15258
5.5496 1.3757
7.0885 1.9232
4.4367 -1.1523
2.6013 -2.6309
3.9217 -5.5003
2.028 -1.2048
2.471 -5.5983
4.0774 -1.661
6.2851 -0.21925
3.3608 -1.8475
1.3807 -5.7149
4.4121 2.1561
2.2806 -3.0055
6.4083 -0.087642
0.59731 -6.816
2.596 -3.6451
4.1254 -2.5641
4.6476 -1.0149
3.8426 -0.68362
3.4328 -2.9904
2.1263 -3.4305
4.1044 -0.6667
4.9753 3.9057
4.8583 -2.1104
2.3204 -3.86
4.6632 -0.25383
4.3765 -0.72782
3.7505 -0.64416
4.5839 0.97815
7.5391 3.0348
3.7825 -1.6089
5.1344 0.12279
4.0234 0.38585
7.0689 1.8621
3.4684 0.31312
4.8375 2.5873
1.59 -4.4391
3.8233 -0.3048
4.5099 -0.382
3.863 1.1339
3.6483 -0.43853
0.96049 -3.7824
5.413 -2.5275
3.7157 -0.68208
5.7867 -0.083362
2.302 -3.0002
1.8457 0.66541
3.8233 0.9119
4.8808 0.47965
2.7271 -0.56739
2.6983 -0.064794
3.1353 -2.7378
3.4173 0.25135
4.2375 -2.3018
4.0148 -1.1366
0.68321 -5.7876
4.4232 -2.2079
2.2097 -0.11165
4.9139 0.6955
6.3143 1.7449
1.2277 -3.7193
5.3434 -1.9098
3.3693 -3.8438
0.065336 -1.3706
2.3703 -4.2726
2.5646 -1.4623
3.5058 -2.3804
5.2039 -0.12852
2.8707 -1.9443
5.757 -0.50566
2.0424 -2.0004
4.5161 -0.41764
4.1869 -2.4433
5.4772 -0.37029
3.3811 -2.0142
4.4117 -1.25
4.4802 -2.8444
-0.036061 -5.1749
3.9613 -0.38818
3.7817 -1.5452
4.8372 1.1659
4.9775 -1.6288
2.4858 -3.8678
-0.68132 -6.5702
3.453 1.6678
4.2466 -2.3031
2.5325 -3.0678
6.648 0.61019
3.3098 -0.3146
4.0237 -1.7829
0.46587 -5.0345
2.7856 0.39636
2.5187 -2.8855
2.1975 -4.3024
1.4997 -1.8071
5.0058 1.3634
2.7425 -2.0216
5.1963 2.123
3.3135 -0.35176
3.5743 -3.028
1.4594 -5.1838
3.19 2.7453
5.062 -3.7747
