7.357 1.8232
4.6585 4.097
6.8577 2.883
2.4044 4.4478
5.4585 3.7379
8.035 3.9639
-0.71686 7.0107
5.4279 2.8233
4.1985 5.3806
2.4128 5.3592
0.559 3.6817
4.3282 6.9712
0.96577 5.3626
3.0052 6.3447
3.858 5.1089
8.4884 2.502
1.6002 4.8443
3.18 5.0417
0.45388 4.5188
6.2752 5.4409
3.3357 4.2269
3.2692 4.3372
3.4 4.3564
3.0774 4.9616
2.782 4.9597
0.86854 5.1216
4.4371 4.9667
1.2528 4.6523
6.135 2.9712
2.2655 5.1445
2.7595 4.1898
6.7207 3.4749
3.8387 3.2192
2.1576 7.2288
5.5042 2.8961
6.3278 3.5545
8.0923 2.3024
3.7228 4.9891
2.9141 5.9272
2.9566 4.4274
1.5648 7.1201
2.6259 6.229
3.9916 4.261
-0.52745 6.0767
2.7738 5.543
1.4191 3.5159
4.8952 4.5365
3.4832 3.3066
4.7791 3.186
0.57853 6.1878
5.0406 4.7685
3.3284 3.5264
1.1759 3.6681
7.1483 2.8909
4.3522 3.5198
1.7507 3.9115
3.559 2.8902
4.4344 2.252
1.0832 6.2684
5.6082 4.2808
3.2191 3.3551
1.661 3.221
5.8235 2.0341
2.6686 4.5999
5.5941 4.1118
5.7388 3.0548
5.6032 4.0059
2.9653 4.4251
5.1313 4.9994
0.07066 4.3693
0.70042 5.7106
4.54 4.1897
10.196 2.0403
2.5553 4.0507
1.8133 3.7101
1.5281 4.9162
3.5399 5.353
3.1699 4.2985
2.5996 5.0566
5.8439 5.375
2.5802 7.0554
5.0669 3.7758
-2.3297 5.8193
4.2472 3.0936
3.7178 3.1024
1.1361 5.1487
0.55742 5.1998
1.0713 5.6865
7.3305 3.9241
1.8773 3.2532
0.65469 5.9864
1.6719 5.4572
4.1881 4.8218
2.9116 4.9889
3.987 4.3683
3.9957 2.7774
0.3223 3.2631
2.1376 3.194
2.5971 4.6399
5.5483 5.5604
3.8567 2.9014
0.040591 4.6765
2.6571 2.8332
7.5843 2.8526
3.6177 3.9683
4.7012 3.4868
3.4973 4.8707
4.4778 7.2474
2.6888 5.3252
7.3334 1.143
5.0101 3.4971
1.1865 6.6333
4.3293 3.2771
0.52837 6.0686
5.3524 3.1988
2.808 3.8943
5.4424 4.9496
7.9669 3.839
1.4508 6.7455
4.033 4.779
5.6395 3.4354
3.3838 4.4681
1.4173 4.072
-0.94364 5.8569
1.3311 5.8361
2.5811 5.3161
2.0659 4.9862
4.476 4.3697
2.3312 5.0449
5.8991 5.2386
2.5879 3.1457
3.7484 5.1101
7.1324 2.5879
6.7271 2.2343
2.6508 5.6978
2.6992 6.9722
6.2612 4.0002
3.3184 5.374
3.0492 4.8019
4.7014 3.1656
0.97681 3.5387
2.7162 4.8583
4.651 4.0697
1.2134 4.3193
3.7706 5.0204
4.7284 4.2088
-0.72871 4.788
4.8434 2.895
4.5212 4.4629
2.3455 6.1305
6.0803 3.7172
2.0385 6.3444
-0.98738 8.5364
4.1451 5.779
8.793 4.153
3.7462 5.1103
0.42927 6.0258
3.1605 5.1804
4.8439 2.7401
0.36847 5.5707
4.7376 3.7995
6.4969 3.969
-1.3923 6.1202
-0.66863 4.8181
5.1386 3.228
-0.2107 5.8756
0.24566 8.2158
3.4473 1.8236
5.0442 4.5788
3.6431 4.7502
5.8625 3.4174
6.5265 4.0402
3.4257 5.2026
4.7424 4.3176
2.0518 5.138
7.2888 2.5469
3.3699 2.7395
3.9552 5.2793
3.5794 3.5112
5.9572 3.3779
3.3023 3.2973
0.9091 5.5766
1.8662 3.8868
1.77 5.6861
2.3863 4.2816
2.8158 4.4822
5.7952 4.8342
6.5191 5.2937
3.0003 5.5716
-0.64242 3.7935
2.1452 3.5104
-0.11005 6.0301
2.0765 6.0058
3.3996 4.0419
7.8991 1.9757
6.864 2.9529
2.9537 6.1036
7.3371 4.4355
5.3086 4.3217
0.14203 4.3058
4.1108 5.408
6.0795 5.3896
2.4455 2.8553
0.79828 6.437
2.1723 5.3379
2.5826 4.9624
5.7382 5.1908
5.784 4.6765
3.2809 5.3127
6.5513 1.7937
1.1686 4.7757
4.243 6.6283
8.308 2.0428
1.0298 6.6914
3.1931 3.5444
6.2082 2.7303
2.4713 5.717
3.6667 4.3767
2.334 4.2428
-0.0042634 5.1261
4.3515 5.7166
6.5481 2.944
4.698 4.4443
4.6111 2.1138
0.35889 5.5205
2.0766 4.1949
4.0375 3.4413
5.2804 4.6755
2.0596 6.4143
3.9601 3.0479
3.9993 4.0054
3.1677 5.3998
2.5574 5.8985
4.4106 4.3053
3.8966 5.5679
2.4735 6.0155
6.7514 1.7004
4.3003 5.0556
1.0287 5.3003
4.9193 3.3907
2.191 3.5082
7.3171 1.6326
3.9622 4.2789
1.7527 5.5765
2.4533 4.3227
3.6304 5.8715
4.1147 5.1308
1.9372 4.8397
7.1282 1.6284
5.5328 4.7257
1.8004 4.2611
3.3054 7.2962
3.2255 5.7243
4.5752 3.7832
6.3042 2.5958
7.9128 1.1728
1.0928 5.3462
4.074 3.8092
2.3179 6.832
4.1295 3.971
6.6117 5.2554
2.3047 5.7788
3.5075 5.7536
2.3744 7.243
9.4854 2.3446
4.7138 5.4317
3.3356 4.9891
0.89749 6.0959
0.4708 5.9419
2.858 4.1901
-0.77135 5.0648
6.433 3.9626
1.6879 4.7876
6.5262 3.4947
2.5077 5.1855
4.3236 3.7895
4.1698 3.892
3.7616 5.6055
2.3811 5.9775
-0.4919 4.205
1.3469 6.8561
4.3131 5.8084
3.7972 3.3983
0.57915 6.4396
3.4643 4.6533
7.3247 2.091
3.2611 6
6.1086 2.4783
2.5993 5.0882
3.1543 2.9313
3.3697 4.7504
1.647 4.8855
3.0437 5.1038
3.6781 4.0904
3.6787 4.2675
5.3328 2.8897
1.5739 4.7304
2.4626 4.8433
4.5263 3.9795
3.9825 5.0419
7.0308 3.5156
3.6863 2.4265
2.7311 5.1262
3.4363 2.9028
4.515 4.1691
4.3431 3.0918
1.0145 5.7486
4.2093 3.5514
8.4054 4.4474
1.416 4.1182
5.7795 4.342
7.4755 2.6088
4.6745 3.2898
3.6643 6.2588
-1.2431 6.5816
11.101 3.4628
1.0076 3.2485
2.4464 3.4989
5.005 4.9799
5.5986 5.1633
-1.8841 6.587
6.1946 4.2027
1.1542 4.6813
2.472 4.9433
3.5883 3.3781
5.1711 3.4677
2.4702 5.2389
6.282 3.081
1.3639 6.0261
0.33909 6.9238
5.7113 2.6211
2.9797 4.9051
2.7388 4.3758
8.4922 0.62174
0.87117 3.6474
0.46427 6.0918
2.9218 3.3428
0.29532 4.9861
2.7322 4.6253
3.6858 2.5368
-0.18351 9.4385
7.0975 2.1082
5.2996 4.4167
1.7541 4.9139
5.0876 4.9694
7.3058 2.4035
3.8448 4.9502
6.2566 2.3365
1.4502 6.115
2.6151 3.5185
-0.4982 6.1747
0.82299 4.9542
3.3779 3.7885
4.6787 2.8103
3.3441 3.5146
-0.74287 3.8073
6.3548 2.5624
-0.31397 4.1533
0.97458 4.4896
4.0174 3.1623
2.7665 5.6855
4.0091 4.8316
3.3185 4.4786
4.1604 4.3366
1.487 5.9969
-0.18754 5.6892
0.77538 5.13
4.1969 2.6555
5.1274 3.6487
1.8031 5.7541
4.0272 4.1383
0.78185 5.7308
3.1095 4.2341
7.6107 3.2333
3.5008 5.4956
1.1097 6.4587
-0.1329 6.1608
7.2918 2.098
6.7311 4.7155
2.8252 6.3353
3.6065 4.6829
1.8858 4.2215
1.9459 6.1319
5.2921 3.6735
1.0716 4.8319
0.48846 3.9749
3.3663 4.955
-1.138 7.7206
10.027 0.094505
1.1869 6.1025
3.6374 2.971
3.3698 4.3187
4.7952 4.8648
3.2259 4.1712
6.4073 2.7315
1.1693 3.9322
7.7269 3.4247
4.3308 5.3884
6.8962 4.7523
4.5236 4.0616
2.2568 4.1284
7.6656 0.78435
-0.26482 5.7315
4.8454 1.7344
4.2903 3.891
7.3403 3.5284
3.0301 4.2445
2.7672 2.4124
1.2961 6.8517
1.9725 4.0427
7.4614 3.5511
2.2512 2.0471
3.2204 3.2823
5.2545 3.1
4.8153 4.0267
2.8799 4.8771
4.2726 3.2356
2.0707 3.7963
3.3895 4.7051
0.74693 7.9172
6.2908 2.9588
2.8732 3.2983
4.1156 4.6534
3.9949 4.4602
2.6571 4.9757
2.7727 5.7423
6.7337 5.3632
3.6479 4.1445
4.7002 4.6338
2.2159 5.6447
6.9156 4.715
1.1708 5.9787
1.7365 6.9104
1.9622 3.3327
2.4772 5.2083
3.9307 4.6551
1.1751 6.3857
2.2541 5.2208
0.066841 4.3309
7.8057 2.2146
2.6235 4.9687
6.2087 3.9969
2.0104 4.0319
-2.4274 7.4285
1.3085 6.2279
3.848 5.1133
0.52749 5.7682
-0.013146 6.2099
3.4324 3.6589
1.1273 5.9633
5.2275 3.2401
3.6609 4.375
1.4359 2.8478
5.5105 3.1866
-0.9497 6.5183
3.7073 5.2706
5.5125 5.1536
0.54295 4.1937
7.0727 2.7817
4.9646 2.5656
-4.0481 6.9889
3.3698 2.917
1.0606 5.1339
3.8332 3.6948
5.0813 4.3737
2.1385 4.5121
6.5548 3.6641
0.52851 5.0545
3.9774 4.6208
5.2618 3.1575
5.8626 3.9767
3.231 4.0904
4.5672 3.9975
6.2364 2.6127
-0.59749 3.873
2.8346 5.0402
3.5851 4.1985
3.1013 5.7194
6.0677 3.2775
3.213 3.1741
-0.55341 3.1628
-0.16132 7.1248
5.2472 3.2325
2.5384 3.8112
7.2727 3.9653
1.4551 5.5655
4.2997 3.827
0.27593 3.6336
-0.28079 6.5342
2.3355 3.9739
3.0512 3.015
-0.74737 5.6026
3.2501 5.765
1.9552 4.5386
2.9032 6.266
1.4983 5.5317
4.593 3.1033
2.4151 2.8016
-1.7248 8.215
8.2986 1.4192
